$ 1 0.000002 382.76258214399064 39 5 43 5e-11
f 400 432 448 432 32 1.5 0.02
w 448 368 448 416 0
I 352 224 352 176 0 0.5 27
I 272 288 272 224 0 0.5 27
I 192 288 192 224 0 0.5 27
r 240 416 352 416 0 10
w 192 320 192 352 0
r 192 384 272 384 0 10
w 144 352 144 432 0
r 144 432 144 496 0 10000
w 192 384 192 432 0
r 192 432 192 496 0 10000
w 240 416 240 432 0
r 240 432 240 496 0 10000
w 144 496 192 496 0
w 192 496 240 496 0
v 0 352 144 352 4 5 16000 30 0 0 0.15
v 32 384 192 384 4 5 16000 30 0 2.0943951023931953 0.77
v 0 416 128 416 4 5 16000 30 0 4.1887902047863905 0.93
w 128 416 240 416 0
w 0 352 0 384 0
w 0 384 0 416 0
w 0 384 32 384 0
w 0 352 0 320 0
w 464 416 448 416 0
w 448 448 464 448 0
d 464 448 464 416 2 default
w 352 144 32 144 0
w 0 416 0 496 0
w 0 496 144 496 0
w 272 192 0 192 0
r -32 272 -32 176 0 10000
r 0 320 0 192 0 10000
r 32 272 32 160 0 10000
w 0 320 32 272 0
w -32 272 0 320 0
w 32 160 32 144 0
r 272 128 272 64 0 10
r 352 64 352 144 0 10
r 192 128 192 64 0 10
r 144 352 192 352 0 10
w 192 176 -32 176 0
s 272 64 272 16 0 0 false
s 192 64 192 16 0 0 false
s 352 176 352 144 0 0 false
s 352 320 352 288 0 0 false
s 272 320 272 288 0 0 false
s 192 320 192 288 0 0 false
v 1072 0 944 0 0 0 40 13 0 0 0.5
. bb_realStatorPhases 0 3 4 7 phase\sA 1 0 2 phase\sB 3 1 2 phase\sC 7 2 2 R_A 5 0 3 R_B 6 3 3 R_C 9 2 3 Star 10 1 3 InductorElm\s1\s2\rInductorElm\s3\s4\rResistorElm\s2\s5\rResistorElm\s4\s6\rInductorElm\s7\s8\rResistorElm\s8\s9\rResistorElm\s5\s10\rResistorElm\s6\s10\rResistorElm\s9\s10 0\\s0.0024198205\\s0\\s0\s0\\s0.00254031032\\s0\\s0\s0\\s11.794485\s0\\s11.849355\s0\\s0.0021691571999999998\\s0\\s0\s0\\s11.799475\s0\\s0.02\s0\\s0.02\s0\\s0.02
410 832 240 912 240 1 bb_realStatorPhases 0\s0.0024198205\s0.5755386171327942\s0 0\s0.00254031032\s-0.1797070427496428\s0 0\s11.794485 0\s11.849355 0\s0.0021691571999999998\s-0.39583157442204014\s0 0\s11.799475 0\s0.02 0\s0.02 0\s0.02
207 1040 112 1008 112 4 ESP32\sADC1
409 1040 304 1040 384 1 0.6 18.858271794655046 0.0231 0
409 1040 240 1040 160 1 0.6 18.858271808108217 0.0231 0
w 1008 208 1008 336 0
w 1072 208 1072 336 0
w 1056 240 1056 272 0
w 1056 272 960 272 0
w 1056 272 1056 304 0
w 960 304 1024 304 0
w 1024 240 960 240 0
207 960 384 960 432 4 ESP32\sADC2
207 880 496 912 496 5 Power\sCap3
207 704 496 736 496 5 Power\sCap2
207 640 128 688 96 5 Power\sCap2
207 816 128 864 96 5 Power\sCap3
207 528 496 560 496 5 Power\sCap1
c 800 48 800 80 4 0.00019999999999999998 -19.812921419435888 0.001 0.1
207 800 -32 720 0 5 Power_Gnd
207 0 496 64 464 5 Power_Gnd
r 1040 112 1040 160 0 100
r 960 384 1040 384 0 100
d 512 368 512 416 2 default
r 464 368 464 416 0 100
w 512 368 464 368 0
w 448 368 464 368 0
w 464 416 512 416 0
207 624 480 624 544 5 Power_Gnd
w 192 176 192 224 0
w 272 192 272 224 0
w 352 224 352 288 0
w 272 320 272 384 0
c 512 416 512 448 4 1.0000000000000001e-7 16.011892764380324 0.001 0.1
w 464 448 512 448 0
w 352 320 352 416 0
w 640 448 688 448 0
c 688 416 688 448 4 1.0000000000000001e-7 0.3180509300666214 0.001 0.1
w 640 416 688 416 0
w 624 368 640 368 0
w 688 368 640 368 0
r 640 368 640 416 0 100
d 688 368 688 416 2 default
d 640 448 640 416 2 default
w 624 448 640 448 0
w 640 416 624 416 0
w 624 368 624 416 0
f 576 432 624 432 32 1.5 0.02
f 752 432 800 432 32 1.5 0.02
w 800 368 800 416 0
w 816 416 800 416 0
w 800 448 816 448 0
d 816 448 816 416 2 default
d 864 368 864 416 2 default
r 816 368 816 416 0 100
w 864 368 816 368 0
w 800 368 816 368 0
w 816 416 864 416 0
c 864 416 864 448 4 1.0000000000000001e-7 11.155863009466536 0.001 0.1
w 816 448 864 448 0
w 448 448 448 480 0
w 448 480 624 480 0
w 624 448 624 480 0
w 624 480 800 480 0
w 800 480 800 448 0
c 464 448 528 496 4 0.00001 -19.792596988996717 0.001 0.1
c 640 448 704 496 4 0.00001 -19.792596988996717 0.001 0.1
c 816 448 880 496 4 0.00001 -19.792596988996713 0.001 0.1
c 512 128 512 160 4 1.0000000000000001e-7 3.7841083215957028 0.001 0
w 464 128 512 128 0
d 512 160 512 208 2 default
d 464 160 464 128 2 default
w 464 128 448 128 0
f 400 144 448 144 32 1.5 0.02
w 464 160 512 160 0
w 464 160 448 160 0
w 448 160 448 208 0
r 464 160 464 208 0 100
w 464 208 512 208 0
w 448 208 464 208 0
207 192 16 192 -16 5 Gate\sA\sHigh
207 192 288 96 272 5 Gate\sA\sLow
207 352 288 304 336 5 Gate\sC\sLow
207 352 16 352 -48 5 Gate\sC\sHigh
207 272 288 224 336 5 Gate\sB\sLow
207 272 16 272 -48 5 Gate\sB\sHigh
207 400 432 400 384 5 Gate\sA\sLow
207 576 432 576 384 5 Gate\sB\sLow
207 752 432 752 384 5 Gate\sC\sLow
w 192 128 192 176 0
w 272 128 272 192 0
s 352 64 352 16 0 0 false
w 624 208 640 208 0
w 640 208 688 208 0
r 640 160 640 208 0 100
w 624 160 624 208 0
w 640 160 624 160 0
w 640 160 688 160 0
f 576 144 624 144 32 1.5 0.02
w 640 128 624 128 0
d 640 160 640 128 2 default
d 688 160 688 208 2 default
w 640 128 688 128 0
c 688 128 688 160 4 1.0000000000000001e-7 19.483283517618954 0.001 0
w 800 208 816 208 0
w 816 208 864 208 0
r 816 160 816 208 0 100
w 800 160 800 208 0
w 816 160 800 160 0
w 816 160 864 160 0
f 752 144 800 144 32 1.5 0.02
w 816 128 800 128 0
d 816 160 816 128 2 default
d 864 160 864 208 2 default
w 816 128 864 128 0
c 864 128 864 160 4 1.0000000000000001e-7 8.541562903574697 0.001 0
207 752 144 752 192 5 Gate\sC\sHigh
207 576 144 576 192 5 Gate\sB\sHigh
207 400 144 400 192 5 Gate\sA\sHigh
w 832 240 448 240 0
w 624 272 832 272 0
w 800 304 832 304 0
w 800 208 800 304 0
w 800 304 800 368 0
w 624 208 624 272 0
w 624 272 624 368 0
w 448 208 448 240 0
w 448 240 448 368 0
207 464 128 512 96 5 Power\sCap1
w 624 128 624 80 0
w 448 128 448 80 0
w 448 80 624 80 0
w 624 80 800 80 0
w 800 80 800 128 0
w 944 0 944 48 0
w 1072 0 1072 48 0
w 896 80 944 80 0
w 1072 112 1072 208 0
w 1072 48 1072 112 0
w 800 80 896 80 0
g 1072 336 1072 368 0 0
w 944 80 944 208 0
w 944 208 1008 208 0
w 1072 0 1072 -32 0
w 1072 -32 896 -32 0
w 800 -32 800 48 0
. bb_555TimerBoostConv60%Duty5 0 3 2 3 V_gnd 6 0 3 V_in 10 0 2 V_out 4 1 2 InductorElm\s1\s2\rDiodeElm\s3\s4\rMosfetElm\s5\s6\s3\rCapacitorElm\s4\s6\rResistorElm\s8\s5\rResistorElm\s9\s6\rAmmeterElm\s10\s1\rResistorElm\s2\s3\rCapacitorElm\s3\s9\rTimerElm\s11\s12\s12\s13\s14\s8\s15\s6\rResistorElm\s13\s11\rResistorElm\s11\s12\rCapacitorElm\s12\s6\rResistorElm\s15\s13\rResistorElm\s8\s6\rRailElm\s13\rZenerElm\s6\s4\rResistorElm\s14\s6 0\\s0.02\\s0\\s0\s2\\sdefault\s32\\s4\\s0.02\s4\\s0.00018\\s0.0009887942724837728\\s0.001\\s0.1\s0\\s10\s0\\s12.5\s3\\s1\\s1\s0\\s1\s4\\s0.000049999999999999996\\s0.0009612323913081866\\s0.001\\s0\s6\\s29.99999999117999\s0\\s2000\s0\\s5760\s4\\s1e-8\\s3.447908625275886e-11\\s0.001\\s0\s0\\s100\s0\\s1000\s0\\s0\\s40\\s30\\s0\\s0\\s0.5\s2\\szener\\\\s24v\\\\sClamp\s0\\s100000
410 944 48 1008 48 1 bb_555TimerBoostConv60%Duty5 0\s0.02\s1.8654205788937104\s0 2\sdefault 32\s4\s0.02 4\s0.00018\s19.810644663684396\s0.001\s0.1 0\s10 0\s12.5 3\s1\s1 0\s1 4\s0.000049999999999999996\s11.953042833200103\s0.001\s0 6\s0 0\s2000 0\s5760 4\s1e-8\s19.31928809379212\s0.001\s0 0\s100 0\s1000 0\s0\s40\s30\s0\s0\s0.5 2\sdefault 0\s100000
34 zener\s24V\sClamp 0 1.7143528192810002e-7 1 2 24 0
z 896 -32 896 32 2 zener\s24V\sClamp
r 896 32 896 80 0 10
w 896 -32 800 -32 0
o 167 2 0 12293 0.0001 0.6006716314305375 0 2 167 3
