$ 1 5.000000000000001e-7 382.76258214399064 37 24 43 5e-11
l 112 112 176 112 0 0.02 -0.0003136777590281827 0
d 256 112 352 112 2 default
w 256 112 256 160 0
w 256 192 256 240 0
c 400 112 400 240 4 0.00017999999999999998 11.202581987419785 0.001 0.1
w 256 240 352 240 0
207 400 112 416 64 4 V_out
r 144 176 208 176 0 10
w 256 112 288 144 0
r 288 176 288 208 0 12.5
w 288 208 256 240 0
370 48 112 112 112 3 1 1
r 176 112 256 112 0 1
c 288 144 288 176 4 0.000049999999999999996 1.344824863378118 0.001 0
207 48 48 128 48 4 V_in
207 352 240 368 272 4 V_gnd
w 256 272 256 240 0
165 -112 80 -64 80 6 -1.2704865501870897
r -144 48 -144 112 0 5500
r -144 112 -144 176 0 9000
c -112 208 -112 272 4 1e-8 0.7676748590695294 0.001 0
w -144 48 -48 48 0
w -48 48 16 48 0
w -112 176 -112 208 0
w -112 272 -16 272 0
w -16 240 -16 272 0
w -144 112 -112 112 0
w -144 176 -112 176 0
w 48 48 48 112 0
r 16 112 16 48 0 100
w -16 272 144 272 0
w 16 144 144 144 0
w 144 144 144 176 0
r 144 176 144 272 0 100000
w 144 272 256 272 0
w 400 112 496 112 0
w 400 240 496 240 0
34 zener\s24v\sClamp 1 1.7143528192810002e-7 0 2.0000000000000084 24 1
z 352 240 352 112 2 zener\s24v\sClamp
w 352 112 400 112 0
w 352 240 400 240 0
w 16 48 48 48 0
f 208 176 256 176 32 1.65 125.68
d -176 112 -176 176 2 default
w -144 112 -176 112 0
w -144 176 -176 176 0
c -48 240 -16 272 4 1e-8 0.8540593866818189 0.001 0
o 31 2 0 12294 1.3480834655504461 0.0001 0 2 31 3
38 0 F1 0 0.001 0.1 -1 Inductance
