$ 1 3.125e-7 5.023272298708815 28 5 43 5e-11
f 320 208 368 208 32 1.5 0.02
f 320 336 368 336 32 1.5 0.02
f 400 336 448 336 32 1.5 0.02
f 400 208 448 208 32 1.5 0.02
f 480 336 528 336 32 1.5 0.02
f 480 208 528 208 32 1.5 0.02
w 368 224 368 240 0
w 368 240 368 320 0
w 448 224 448 272 0
w 448 272 448 320 0
w 528 224 528 304 0
w 528 304 528 320 0
w 528 304 576 304 0
I 320 336 320 256 0 0.5 14
I 272 368 272 304 0 0.5 14
w 272 176 400 176 0
w 400 176 400 208 0
w 272 368 400 368 0
w 400 336 400 368 0
I 224 384 224 288 0 0.5 14
w 224 160 480 160 0
w 480 160 480 208 0
w 224 384 480 384 0
w 480 336 480 384 0
w 368 352 368 416 0
w 448 352 448 416 0
w 528 352 528 416 0
w 368 416 448 416 0
w 448 416 528 416 0
w 368 192 368 144 0
w 368 144 448 144 0
w 448 144 448 192 0
w 448 144 528 144 0
w 528 144 528 192 0
v 176 320 176 128 0 0 40 12 0 0 0.5
w 176 128 448 128 0
w 448 128 448 144 0
w 176 432 448 432 0
w 448 416 448 432 0
c 128 128 128 272 4 0.00009999999999999999 11.999999999999943 0.001 0.1
w 128 432 176 432 0
w 128 128 176 128 0
w 128 272 128 432 0
r 240 528 320 528 0 10
w 224 384 224 464 0
w 272 368 272 496 0
r 192 496 272 496 0 10
w 144 464 144 544 0
r 144 544 144 608 0 10000
w 192 496 192 544 0
r 192 544 192 608 0 10000
w 240 528 240 544 0
r 240 544 240 608 0 10000
w 144 608 192 608 0
w 192 608 240 608 0
v 0 464 144 464 4 5 10000 14 0 0 0.4
v 32 496 192 496 4 5 10000 14 0 2.0943951023931953 0.4
v 0 528 128 528 4 5 10000 14 0 4.1887902047863905 0.4
w 128 528 240 528 0
w 0 464 0 496 0
w 0 496 0 528 0
w 0 496 32 496 0
w 0 464 0 432 0
w 0 432 128 432 0
d 544 352 544 320 2 default
w 528 352 544 352 0
w 544 320 528 320 0
w 544 192 528 192 0
w 528 224 544 224 0
d 544 224 544 192 2 default
w 464 192 448 192 0
w 448 224 464 224 0
d 464 224 464 192 2 default
w 384 192 368 192 0
w 368 224 384 224 0
d 384 224 384 192 2 default
w 384 320 368 320 0
w 368 352 384 352 0
d 384 352 384 320 2 default
w 464 320 448 320 0
w 448 352 464 352 0
d 464 352 464 320 2 default
w 320 256 32 256 0
w 320 336 320 528 0
w 0 528 0 608 0
w 0 608 144 608 0
w 272 304 0 304 0
r -32 384 -32 288 0 10000
r 0 432 0 304 0 10000
r 32 384 32 272 0 10000
w 0 432 32 384 0
w -32 384 0 432 0
w 32 272 32 256 0
r 272 304 272 176 0 10
r 320 208 320 256 0 10
r 224 288 224 192 0 10
w 224 192 224 160 0
r 144 464 224 464 0 10
w 816 416 848 416 0
w 848 416 880 416 0
w 368 144 368 96 0
w 368 96 880 96 0
w 528 144 816 144 0
w 448 128 848 128 0
w 960 80 992 80 0
w 928 80 960 80 0
w 448 80 928 80 0
c 928 80 928 144 4 0.000001 12 0.001 0.1
c 992 304 992 368 4 0.000001 12 0.001 0.1
c 960 192 960 256 4 0.000001 12 0.001 0.1
w 448 128 448 80 0
w 368 416 368 480 0
w 448 432 448 464 0
w 528 416 528 448 0
w 368 480 992 480 0
w 528 448 928 448 0
w 448 464 960 464 0
w 224 288 -32 288 0
w 176 320 176 432 0
207 704 336 768 384 4 Esp32\sADC\sGPIO1
207 704 272 768 320 4 Esp32\sADC\sGPIO2
207 704 240 736 176 4 Esp32\sADC\sGPIO3
370 576 240 368 240 3 0 2
370 448 272 576 272 3 0 2
. bb_realStatorPhases 0 3 4 7 phase\sA 1 0 2 phase\sB 3 1 2 phase\sC 7 2 2 R_A 5 0 3 R_B 6 1 3 R_C 9 2 3 Star 10 3 3 InductorElm\s1\s2\rInductorElm\s3\s4\rResistorElm\s2\s5\rResistorElm\s4\s6\rInductorElm\s7\s8\rResistorElm\s8\s9\rResistorElm\s5\s10\rResistorElm\s6\s10\rResistorElm\s9\s10 0\\s0.0024198205\\s0\\s0\s0\\s0.00254031032\\s0\\s0\s0\\s11.794485\s0\\s11.849355\s0\\s0.0021691571999999998\\s0\\s0\s0\\s11.799475\s0\\s0.02\s0\\s0.02\s0\\s0.02
410 576 240 688 320 1 bb_realStatorPhases 0\s0.0024198205\s0.02915479470498885\s0 0\s0.00254031032\s-0.03951280540994646\s0 0\s11.794485 0\s11.849355 0\s0.0021691571999999998\s0.01035801070497348\s0 0\s11.799475 0\s0.02 0\s0.02 0\s0.02
w 992 80 992 304 0
w 960 80 960 192 0
w 928 144 928 448 0
c 880 144 880 416 4 0.00001 11.999999999999995 0.001 0.1
c 848 128 848 368 4 0.00001 11.999999999999995 0.001 0.1
c 816 144 816 288 4 0.00001 11.999999999999995 0.001 0.1
w 880 96 880 144 0
w 816 288 816 416 0
w 848 368 848 416 0
w 528 416 816 416 0
w 960 256 960 464 0
w 992 368 992 480 0
o 122 4 0 12423 12.618688131498832 0.056251309694820555 0 2 122 3
