$ 1 2.0000000000000002e-7 0.03528660814588489 23 5 43 5e-11
w 448 368 448 416 0
I 192 224 192 176 0 0.5 5
I 112 288 112 224 0 0.5 5
I 32 288 32 224 0 0.5 5
r 80 416 192 416 0 10
w 32 320 32 352 0
r 32 384 112 384 0 10
w -16 352 -16 432 0
r -16 432 -16 496 0 100000
w 32 384 32 432 0
r 32 432 32 496 0 100000
w 80 416 80 432 0
r 80 432 80 496 0 100000
w -16 496 32 496 0
w 32 496 80 496 0
v -160 352 -16 352 4 5 16000 5 0 0 0.15
v -128 384 32 384 4 5 16000 5 0 2.0943951023931953 0.77
v -160 416 -32 416 4 5 16000 5 0 4.1887902047863905 0.93
w -32 416 80 416 0
w -160 352 -160 384 0
w -160 384 -160 416 0
w -160 384 -128 384 0
w -160 352 -160 320 0
w 448 448 464 448 0
d 464 448 464 416 2 default
w 192 144 -128 144 0
w -160 416 -160 496 0
w -160 496 -16 496 0
w 112 192 -160 192 0
r -192 272 -192 176 0 10000
r -160 320 -160 192 0 10000
r -128 272 -128 160 0 10000
w -160 320 -128 272 0
w -192 272 -160 320 0
w -128 160 -128 144 0
r 112 128 112 64 0 10
r 192 64 192 144 0 10
r 32 128 32 64 0 10
r -16 352 32 352 0 10
w 32 176 -192 176 0
s 112 64 112 16 0 0 false
s 32 64 32 16 0 0 false
s 192 176 192 144 0 0 false
s 192 320 192 288 0 0 false
s 112 320 112 288 0 0 false
s 32 320 32 288 0 0 false
v 1072 0 944 0 0 0 40 5 0 0 0.5
. bb_realStatorPhases 0 3 4 7 phase\sA 1 0 2 phase\sB 3 1 2 phase\sC 7 2 2 R_A 5 0 3 R_B 6 3 3 R_C 9 2 3 Star 10 1 3 InductorElm\s1\s2\rInductorElm\s3\s4\rResistorElm\s2\s5\rResistorElm\s4\s6\rInductorElm\s7\s8\rResistorElm\s8\s9\rResistorElm\s5\s10\rResistorElm\s6\s10\rResistorElm\s9\s10 0\\s0.0024198205\\s0\\s0\s0\\s0.00254031032\\s0\\s0\s0\\s11.794485\s0\\s11.849355\s0\\s0.0021691571999999998\\s0\\s0\s0\\s11.799475\s0\\s0.02\s0\\s0.02\s0\\s0.02
410 832 240 912 240 1 bb_realStatorPhases 0\s0.0024198205\s0.12441952215653097\s0 0\s0.00254031032\s-0.041080465997651895\s0 0\s11.794485 0\s11.849355 0\s0.0021691571999999998\s-0.08333905615887634\s0 0\s11.799475 0\s0.02 0\s0.02 0\s0.02
w 960 272 1024 272 0
w 960 304 1024 304 0
w 1024 240 960 240 0
207 880 496 912 496 5 Power\sCap3
207 704 496 736 496 5 Power\sCap2
207 640 128 688 96 5 Power\sCap2
207 816 128 864 96 5 Power\sCap3
207 528 496 560 496 5 Power\sCap1
c 800 48 800 80 4 0.00019999999999999998 -4.999999999999999 0.001 0.1
207 800 -32 720 0 5 Power_Gnd
207 -160 496 -96 464 5 Power_Gnd
r 464 368 464 416 0 25
w 496 368 464 368 0
w 448 368 464 368 0
w 464 416 496 416 0
207 624 480 624 544 5 Power_Gnd
w 32 176 32 224 0
w 112 192 112 224 0
w 192 224 192 288 0
w 112 320 112 384 0
w 464 448 496 448 0
w 192 320 192 416 0
w 640 448 672 448 0
w 640 416 672 416 0
w 624 368 640 368 0
w 672 368 640 368 0
d 640 448 640 416 2 default
w 624 448 640 448 0
w 624 368 624 416 0
w 800 368 800 416 0
w 800 448 816 448 0
d 816 448 816 416 2 default
w 864 368 816 368 0
w 800 368 816 368 0
w 816 448 864 448 0
w 448 448 448 480 0
w 448 480 624 480 0
w 624 448 624 480 0
w 624 480 800 480 0
w 800 480 800 448 0
c 464 448 528 496 4 0.00001 -5 0.001 0.1
c 640 448 704 496 4 0.000006799999999999999 -5 0.001 0.1
c 816 448 880 496 4 0.00001 -5 0.001 0.1
w 464 128 496 128 0
d 464 160 464 128 2 default
w 464 128 448 128 0
f 400 144 448 144 32 1.65 125.68
w 464 160 496 160 0
w 448 160 448 208 0
w 464 208 496 208 0
w 448 208 464 208 0
207 32 16 32 -16 5 Gate\sA\sHigh
207 32 288 -64 272 5 Gate\sA\sLow
207 192 288 144 336 5 Gate\sC\sLow
207 192 16 192 -48 5 Gate\sC\sHigh
207 112 288 64 336 5 Gate\sB\sLow
207 112 16 112 -48 5 Gate\sB\sHigh
207 400 432 400 384 5 Gate\sA\sLow
207 576 432 576 464 5 Gate\sB\sLow
207 752 432 752 464 5 Gate\sC\sLow
w 32 128 32 176 0
w 112 128 112 192 0
s 192 64 192 16 0 0 false
w 624 208 640 208 0
w 640 208 672 208 0
w 624 160 624 208 0
w 640 160 672 160 0
w 640 128 624 128 0
d 640 160 640 128 2 default
w 640 128 672 128 0
w 800 208 816 208 0
w 816 208 864 208 0
w 800 160 800 208 0
w 816 160 864 160 0
w 816 128 800 128 0
d 816 160 816 128 2 default
w 816 128 864 128 0
207 752 144 752 96 5 Gate\sC\sHigh
207 576 144 576 96 5 Gate\sB\sHigh
207 400 144 352 144 5 Gate\sA\sHigh
w 624 272 832 272 0
w 800 304 832 304 0
w 800 208 800 304 0
w 800 304 800 368 0
w 624 208 624 272 0
w 624 272 624 368 0
w 448 208 448 240 0
w 448 240 448 368 0
207 464 128 512 96 5 Power\sCap1
w 624 128 624 80 0
w 448 128 448 80 0
w 448 80 624 80 0
w 624 80 800 80 0
w 800 80 800 128 0
w 944 0 944 80 0
w 1072 0 1072 48 0
w 896 80 944 80 0
w 800 80 896 80 0
w 1072 0 1072 -32 0
w 1072 -32 896 -32 0
w 800 -32 800 48 0
r 896 32 896 80 0 10
w 896 -32 800 -32 0
w 496 128 560 128 0
w 496 208 560 208 0
w 672 128 736 128 0
w 672 208 736 208 0
34 zener\s25V\sclamp 0 1.7143528192810002e-7 1 2 25 0
z 896 -32 896 32 2 zener\s25V\sclamp
w 864 208 928 208 0
w 864 128 928 128 0
w 864 368 928 368 0
w 864 448 928 448 0
w 672 448 736 448 0
w 672 368 736 368 0
w 496 448 560 448 0
w 496 368 560 368 0
f 576 144 624 144 32 1.65 125.68
f 752 144 800 144 32 1.65 125.68
f 400 432 448 432 32 1.65 125.68
f 576 432 624 432 32 1.65 125.68
f 752 432 800 432 32 1.65 125.68
w 832 240 448 240 0
r 464 160 464 208 0 25
r 640 160 640 208 0 25
r 816 160 816 208 0 25
r 640 368 640 416 0 25
r 816 368 816 416 0 25
w 864 416 816 416 0
c 496 416 496 448 4 0.000009999999999999999 2.6798546232872402 0.001 0.1
c 1088 416 1088 448 4 0.000009999999999999999 0.0010000000000037698 0.001 0.1
c 1120 416 1120 448 4 0.000009999999999999999 0.0010000000000037698 0.001 0.1
c 1152 416 1152 448 4 0.000009999999999999999 0.0010000000000037698 0.001 0.1
c 672 576 672 608 4 0.000009999999999999999 0.0010000000000037698 0.001 0.1
c 672 416 672 448 4 0.000009999999999999999 0.7101688890915232 0.001 0.1
c 864 416 864 448 4 0.000009999999999999999 0.20390035632035933 0.001 0.1
c 864 128 864 160 4 0.000009999999999999999 4.796091125087735 0.001 0.1
c 672 128 672 160 4 0.000009999999999999999 4.2898225391462255 0.001 0.1
c 496 128 496 160 4 0.000009999999999999999 2.320136804946651 0.001 0.1
o 167 1 0 4099 5 0.8 0 2 167 3
o 142 1 0 4099 5 1.6 1 2 142 3
o 170 1 0 4097 5 0.2 2 2 170 3
