$ 1 0.00009999999999999999 0.6798259793203881 43 9 43 5e-11
w 448 368 448 416 0
w 32 320 32 352 0
w -16 352 -16 432 0
r -16 432 -16 496 0 1000
w 32 384 32 432 0
r 32 432 32 496 0 1000
w 80 416 80 432 0
r 80 432 80 496 0 1000
w -16 496 32 496 0
w 32 496 80 496 0
v -160 352 -16 352 4 5 100 5 0 2.0943951023931953 0.33
v -128 384 32 384 4 5 100 5 0 4.1887902047863905 0.33
v -160 416 -32 416 4 5 100 5 0 0 0.33
w -32 416 80 416 0
w -160 352 -160 384 0
w -160 384 -160 416 0
w -160 384 -128 384 0
w 448 448 464 448 0
d 464 448 464 416 2 default
w -160 416 -160 496 0
w -160 496 -16 496 0
s 112 192 112 128 0 0 false
s 32 144 32 64 0 0 false
s 192 320 192 288 0 0 false
s 112 320 112 288 0 0 false
s 32 320 32 288 0 0 false
v 1072 0 944 0 0 0 40 5 0 0 0.5
w 880 272 944 272 0
w 880 304 944 304 0
w 944 240 880 240 0
207 880 496 912 496 5 Power\sCap3
207 704 496 736 496 5 Power\sCap2
207 640 128 688 96 5 Power\sCap2
207 816 128 864 96 5 Power\sCap3
207 528 496 560 496 5 Power\sCap1
207 800 -32 720 0 5 Power_Gnd
207 -160 496 -96 464 5 Power_Gnd
w 448 368 464 368 0
w 464 416 496 416 0
207 624 480 624 544 5 Power_Gnd
w 112 320 112 384 0
w 464 448 496 448 0
w 192 320 192 416 0
w 640 448 672 448 0
w 640 416 672 416 0
w 624 368 640 368 0
d 640 448 640 416 2 default
w 624 448 640 448 0
w 624 368 624 416 0
w 800 368 800 416 0
w 800 448 816 448 0
d 816 448 816 416 2 default
w 800 368 816 368 0
w 816 448 864 448 0
w 448 448 448 480 0
w 624 448 624 480 0
w 800 480 800 448 0
w 464 128 496 128 0
d 464 160 464 128 2 default
w 464 128 448 128 0
f 384 144 448 144 32 1.65 125.68
w 464 160 496 160 0
w 448 160 448 208 0
w 464 208 496 208 0
w 448 208 464 208 0
207 32 64 32 32 5 Gate\sA\sHigh
207 -16 288 -16 320 5 Gate\sA\sLow
207 144 288 144 320 5 Gate\sC\sLow
207 192 128 192 64 5 Gate\sC\sHigh
207 64 288 64 320 5 Gate\sB\sLow
207 112 128 112 64 5 Gate\sB\sHigh
207 400 432 400 384 5 Gate\sA\sLow
207 592 432 592 384 5 Gate\sB\sLow
207 768 432 768 384 5 Gate\sC\sLow
s 192 240 192 128 0 0 false
w 624 208 640 208 0
w 640 208 672 208 0
w 624 160 624 208 0
w 640 160 672 160 0
w 640 128 624 128 0
d 640 160 640 128 2 default
w 640 128 672 128 0
w 800 208 816 208 0
w 816 208 864 208 0
w 800 160 800 208 0
w 816 160 864 160 0
w 816 128 800 128 0
d 816 160 816 128 2 default
w 816 128 864 128 0
207 304 224 304 176 5 Gate\sA\sHigh
w 624 272 880 272 0
w 800 304 880 304 0
w 800 208 800 304 0
w 800 304 800 368 0
w 624 208 624 272 0
w 624 272 624 368 0
w 448 208 448 240 0
w 448 240 448 368 0
207 464 128 512 96 5 Power\sCap1
w 624 128 624 80 0
w 448 128 448 80 0
w 448 80 624 80 0
w 624 80 800 80 0
w 800 80 800 128 0
w 944 0 944 80 0
w 896 80 944 80 0
w 800 80 896 80 0
w 1072 0 1072 -32 0
w 1072 -32 896 -32 0
w 800 -32 800 16 0
w 896 -32 800 -32 0
f 592 144 624 144 32 1.65 125.68
f 768 144 800 144 32 1.65 125.68
f 400 432 448 432 32 1.65 125.68
f 592 432 624 432 32 1.65 125.68
f 768 432 800 432 32 1.65 125.68
w 448 240 880 240 0
w 864 416 816 416 0
r 1072 128 1072 176 0 20000
r 1072 240 1072 176 0 10000
w 1072 128 1072 0 0
r 944 240 944 176 0 10000
r 944 128 944 176 0 20000
w 944 128 1072 0 0
r 944 304 944 368 0 10000
r 944 448 944 368 0 20000
r 1072 416 1072 368 0 20000
r 1072 304 1072 368 0 10000
w 1072 0 1168 0 0
w 1168 0 1168 448 0
w 1072 416 1136 416 0
w 1072 0 1136 64 0
w 1136 64 1136 416 0
w 944 448 1168 448 0
207 944 176 912 176 4 ADC1\sGPIO1
207 1072 176 1040 176 4 ADC1\sGPIO2
207 1072 368 1024 368 4 ADC2\sGPIO4
207 944 368 912 368 4 ADC2\sGPIO3
d 400 96 400 128 2 default
r 336 128 400 128 0 100000
c 400 128 400 208 4 0.000001 4.501938977874164 0.001 0
w 400 208 448 208 0
w 400 96 448 80 0
w 336 128 336 144 0
t 304 336 336 336 0 1 -9.490864569416452 0.010476155149412919 100 default
w 448 480 336 480 0
w -16 352 32 352 0
w 336 144 336 320 0
r 384 144 336 144 0 10
r 64 288 112 288 0 10
r 144 288 192 288 0 10
r -16 288 32 288 0 10
t 544 352 576 352 0 1 0.6207682060219591 0.638922527237026 100 default
207 544 256 496 256 5 Gate\sB\sHigh
d 624 80 544 112 2 default
r 544 112 576 176 0 100000
w 576 176 576 336 0
w 624 208 544 208 0
w 448 480 576 480 0
w 576 480 624 480 0
w 576 480 576 368 0
w 752 480 752 368 0
w 752 176 752 336 0
t 720 352 752 352 0 1 0.6207648521460619 0.6390356572396826 100 default
w 624 480 752 480 0
w 752 480 800 480 0
r 592 144 576 176 0 10
w 544 112 544 160 0
w 720 112 720 160 0
r 720 112 752 176 0 100000
d 800 80 720 112 2 default
r 768 144 752 176 0 10
w 720 208 752 208 0
w 752 208 800 208 0
w 336 352 336 480 0
w 32 384 112 384 0
w 80 416 192 416 0
r 464 160 464 208 0 20
r 640 160 640 208 0 20
r 816 160 816 208 0 20
r 816 368 816 416 0 20
r 640 368 640 416 0 20
r 464 368 464 416 0 20
209 496 416 496 448 4 0.00001 4.999374715182592 0.001 0 1
209 672 416 672 448 4 0.000009999999999999999 0.09386214116974001 0.001 0 1
209 496 128 496 160 4 0.00001 0.0006218026673261434 0.001 0 1
209 672 128 672 160 4 0.00001 4.906131171268667 0.001 0 1
209 864 128 864 160 4 0.00001 2.7227588734912627 0.001 0 1
209 864 416 864 448 4 0.00001 2.2772343958501966 0.001 0 1
209 880 496 816 448 4 0.00001 5 0.001 0.1 1
209 704 496 640 448 4 0.00001 5 0.001 0.1 1
209 528 496 464 448 4 0.00001 5 0.001 0.1 1
209 800 80 800 16 4 0.00019999999999999998 5 0.001 0.1 1
r 304 272 304 336 0 1000
r 544 304 544 352 0 1000
r 720 304 720 352 0 1000
g 368 208 368 240 0 0
g 336 480 336 528 0 0
r 400 128 368 208 0 500000
c 544 160 544 208 4 0.000001 4.669919513944043 0.001 0
c 720 160 720 208 4 0.000001 4.661171635972551 0.001 0
162 304 224 304 272 2 default-led 1 0 0 0.01
162 544 256 544 304 2 default-led 1 0 0 0.01
162 720 256 720 304 2 default-led 1 0 0 0.01
207 720 256 672 256 5 Gate\sC\sHigh
. bb_realStatorPhases 0 3 4 7 phase\sA 1 0 2 phase\sB 3 1 2 phase\sC 7 2 2 R_A 5 0 3 R_B 6 3 3 R_C 9 2 3 Star 10 1 3 InductorElm\s1\s2\rInductorElm\s3\s4\rResistorElm\s2\s5\rResistorElm\s4\s6\rInductorElm\s7\s8\rResistorElm\s8\s9\rResistorElm\s5\s10\rResistorElm\s6\s10\rResistorElm\s9\s10 0\\s0.0024198205\\s0\\s0\s0\\s0.00254031032\\s0\\s0\s0\\s11.794485\s0\\s11.849355\s0\\s0.0021691571999999998\\s0\\s0\s0\\s11.799475\s0\\s0.02\s0\\s0.02\s0\\s0.02
410 944 240 976 320 1 bb_realStatorPhases 0\s0.0024198205\s0.21353199265894346\s0 0\s0.00254031032\s-0.19879137454579357\s0 0\s11.794485 0\s11.849355 0\s0.0021691571999999998\s-0.014575115391507085\s0 0\s11.799475 0\s0.02 0\s0.02 0\s0.02
v -160 240 128 240 4 5 100 5 0 3.141592653589793 0.33
v -128 192 48 192 4 5 100 5 0 1.0471975511965976 0.33
v -160 144 -32 144 4 5 100 5 0 -1.0471975511965976 0.33
w -128 192 -160 192 0
w -160 192 -160 144 0
w -160 192 -160 240 0
w -160 240 -160 352 0
403 848 352 976 416 0 93_1_0_12294_4.999427146709792_0.0001_-1_2_93_3
I -32 144 32 144 0 10000000 5
I 48 192 112 192 0 10000000 5
I 128 240 192 240 0 10000000 5
w 592 144 592 288 0
w 592 432 544 448 0
x 28 1 520 4 4 24 Correct\sPWM\stiming\sfor\sMOSFET\sgate\sDrivers
o 208 1 0 12294 5 0.0001 0 2 208 3 Ahigh
o 207 1 0 12294 5 0.0001 0 2 207 3
o 206 1 0 12294 5 0.0001 0 2 206 3
o 10 1 0 12294 5 0.0001 0 2 10 3
o 11 1 0 12294 5 0.0001 0 2 11 3
o 12 1 0 12294 5 0.0001 0 2 12 3
o 116 1 0 x283017 5 0.1 1 6 1 20 -88 116 3 1 49 90 0 20 -85 90 3 1 49 91 0 20 -85 91 3 1 49
o 12 4 0 x283016 5 0.1 2 4 1 20 27 12 3 0.2 0 206 0 20 36 206 3 0.2 0
o 90 1 0 x283016 5 0.1 3 2 1 10 0 90 3 0.2 0
o 70 1 0 x283016 5 0.1 4 2 1 10 0 70 3 0.2 0
o 217 1 0 x283016 5 0.1 5 2 1 10 0 217 3 0.2 0
38 12 F1 3 9 100 -1 F_CLow
38 11 F1 3 9 100 -1 f_BLow
38 10 F1 3 9 100 -1 F_ALow
38 206 F1 3 9 100 -1 f_Chigh
38 207 F1 3 9 100 -1 f_Bhigh
38 208 F1 3 9 100 -1 f_AHigh
