$ 1 0.000005 0.9487735836358526 61 5 43 5e-11
t 176 96 208 96 0 1 -6.093880666701648 0.7145554296259313 100 default
r 176 96 96 96 0 1000
r 96 96 96 16 0 100
r 96 96 96 192 0 10000
R 208 16 208 -32 0 0 40 5 0 0 0.5
w 208 16 208 80 0
g 96 192 96 240 0 0
R 96 16 48 16 4 5 600 5 0 0 0.33
R 320 16 368 16 4 5 600 5 0 2.0943951023931953 0.33
R 544 16 592 16 4 5 600 5 0 4.1887902047863905 0.33
g 384 96 384 112 0 0
w 240 16 240 80 0
R 240 16 240 -32 0 0 40 5 0 0 0.5
r 320 96 384 96 0 10000
r 320 96 320 16 0 100
r 272 96 320 96 0 1000
t 272 96 240 96 0 1 -4.999999994389776 -0.37798218099284553 100 default
g 544 192 544 240 0 0
w 432 16 432 80 0
R 432 16 432 -32 0 0 40 5 0 0 0.5
r 544 96 544 192 0 10000
r 544 96 544 16 0 100
r 464 96 544 96 0 1000
t 464 96 432 96 0 1 -0.7824044665221006 0.704197342375684 100 default
. bb_realStatorPhases 0 3 4 7 phase\sA 1 0 2 phase\sB 3 1 2 phase\sC 7 2 2 R_A 5 0 3 R_B 6 3 3 R_C 9 2 3 Star 10 1 3 InductorElm\s1\s2\rInductorElm\s3\s4\rResistorElm\s2\s5\rResistorElm\s4\s6\rInductorElm\s7\s8\rResistorElm\s8\s9\rResistorElm\s5\s10\rResistorElm\s6\s10\rResistorElm\s9\s10 0\\s0.0024198205\\s0\\s0\s0\\s0.00254031032\\s0\\s0\s0\\s11.794485\s0\\s11.849355\s0\\s0.0021691571999999998\\s0\\s0\s0\\s11.799475\s0\\s0.02\s0\\s0.02\s0\\s0.02
410 176 224 368 288 4097 bb_realStatorPhases 0\s0.0024198205\s0.11334166063669987\s0 0\s0.00254031032\s-8.67421267192886e-11\s0 0\s11.794485 0\s11.849355 0\s0.0021691571999999998\s0.06735412578955738\s0 0\s11.799475 0\s0.02 0\s0.02 0\s0.02
w 240 320 240 352 0
w 160 352 240 352 0
w 240 352 336 352 0
w 336 352 432 352 0
162 336 352 336 304 2 default-led 1 0 0 0.01
162 432 352 432 192 2 default-led 1 0 0 0.01
162 160 352 160 192 2 default-led 1 0 0 0.01
w 208 112 208 192 0
g 240 352 240 384 0 0
w 240 112 240 192 0
w 160 192 208 192 0
w 240 192 304 160 0
w 272 192 432 192 0
w 432 112 432 192 0
w 304 160 336 160 0
w 336 160 336 304 0
x 91 -69 601 -66 4 24 3\sPhase\scommutation\ssetup\s(1\sphase\sat\sa\stime!)
