$ 1 0.000004 222.68277840103303 34 24 43 5e-11
l 112 48 160 48 0 0.1 5.981481346988662 0
d 272 112 336 112 2 default
c 496 112 496 272 4 0.00019999999999999998 20.171746163993085 0.001 0.1
r 96 144 160 144 0 10
r 272 144 272 192 0 12.5
370 16 48 112 48 3 1 1
r 160 48 208 48 0 1
c 272 112 272 144 4 0.000049999999999999996 5.841800620006515 0.001 0
207 -48 0 -48 -80 4 V_in
207 496 272 448 320 4 V_gnd
165 -112 80 -64 80 6 0
r -144 48 -144 112 0 220.00000000000003
r -144 112 -144 176 0 100
c -112 208 -112 272 4 5e-7 8.803199956370321 0.001 0
w -144 48 -48 48 0
w -48 48 16 48 0
w -112 176 -112 208 0
w -112 272 -16 272 0
w -16 240 -16 272 0
w -144 112 -112 112 0
w -144 176 -112 176 0
w 208 48 208 112 0
r 16 112 16 48 0 100
w -16 272 96 272 0
w 16 144 96 144 0
w 96 144 96 176 0
r 96 176 96 272 0 10000
w 96 272 208 272 0
w 336 112 416 112 0
w 336 272 496 272 0
f 160 144 208 144 32 1.65 125.68
R 16 48 16 0 4 5 20000 0 12.6 0 0.01
370 208 192 208 272 3 0 1
370 416 112 416 208 3 0 0
r 336 112 336 208 0 70417
s -48 0 -48 48 0 0 false
s -176 272 -112 272 0 0 false
207 -48 48 -96 -32 5 V_supply
x 141 14 666 17 4 15 If\snegative\sinput\s(feedback\svoltage)\sis\shigher\sthan\sdesired,\sdrop\sout\sto\slower\srail
x -568 448 -207 451 4 15 As\sV_ctrl\sincreases,\sDuty\scycle\sof\sthe\sPWM\sdecreases
r -192 176 -144 176 0 22
d -192 112 -192 176 2 default
w -144 112 -192 112 0
O 416 112 400 64 1 0
r 336 208 336 272 0 29583
O 256 368 224 432 3 1
x -425 612 -226 615 4 15 Can\suse\sbjt\sto\sforce\sa\svoltage\s
g -176 272 -176 304 0 0
w 272 112 208 112 0
w 272 272 336 272 0
w 208 272 272 272 0
w -144 48 -208 48 0
w -208 48 -208 336 0
w 208 160 208 192 0
w 208 112 208 128 0
w 208 192 272 192 0
w 416 112 496 112 0
w 464 240 496 272 0
207 496 112 512 64 4 V_out
w 496 112 560 112 0
w 496 272 560 272 0
p 560 112 560 272 3 4 1 10000000
w 560 112 608 112 0
w 560 272 608 272 0
r 416 208 464 240 0 14.8
r 64 400 64 464 0 40000
r 16 304 -48 304 0 40000
w 16 304 64 304 0
O -48 384 -16 432 1 0
w 64 464 16 464 0
w 16 416 16 464 0
w 64 368 64 304 0
409 64 384 -48 384 1 0.6 -2.2200085355003294 0.023100000000000002 0
r 112 368 64 368 0 90000
O 160 400 160 464 1 0
w 384 208 384 320 0
w -208 336 -96 336 0
w -112 272 -112 512 0
w -96 336 16 336 0
w -112 512 -96 512 0
w -48 304 -48 384 0
s -48 304 -48 240 0 0 false
w -64 464 16 464 0
174 192 336 160 448 1 1000 0.08420000000000001 V REF
w -96 512 192 512 0
w 16 336 16 352 0
w 16 336 192 336 0
r 192 464 192 512 0 10000
409 384 368 256 368 3 0.6 -0.9372526353739912 0.023100000000000002 0
w 336 208 384 208 0
w 192 336 320 336 0
w 192 512 320 512 0
w 320 400 320 512 0
w 384 384 384 416 0
w 256 368 256 416 0
O 384 352 464 400 3 1
r 256 416 384 416 0 1000
O 336 208 304 224 3 1
s 112 368 256 368 0 1 false
w 112 368 112 320 0
w 112 320 352 320 0
s 384 320 384 352 0 1 false
s 352 320 384 320 0 0 false
R 16 464 16 496 0 0 40 6.26666 0 0 0.5
r 112 400 64 400 0 90000
w 112 400 160 400 0
o 56 2 0 x2ab31a 24.63688599156106 0.0001 0 2 1 25 -98 56 3 0.0005 0
o 24 1 0 176650 12.5987401259874 0.0001 1 2 24 3
38 0 F1 0 0.001 0.1 -1 Inductance
38 11 F1 0 100 1000 -1 R1
38 12 F1 0 100 1000 -1 R2
38 64 F1 0 10 50 -1 Load\sResistance
