$ 1 0.000002 0.8031194996067259 30 5 99 5e-11
w 624 320 624 368 0
r 784 -112 896 -112 0 10
w 736 -208 736 -176 0
r 736 -144 816 -144 0 10
w 688 -176 688 -96 0
r 688 -96 688 -32 0 100000
w 736 -144 736 -96 0
r 736 -96 736 -32 0 100000
w 784 -112 784 -96 0
r 784 -96 784 -32 0 100000
w 688 -32 736 -32 0
w 736 -32 784 -32 0
v 544 -176 688 -176 4 5 16000 30 0 0 0.15
v 576 -144 736 -144 4 5 16000 30 0 2.0943951023931953 0.77
v 544 -112 672 -112 4 5 16000 30 0 4.1887902047863905 0.93
w 672 -112 784 -112 0
w 544 -176 544 -144 0
w 544 -144 544 -112 0
w 544 -144 576 -144 0
w 544 -176 544 -208 0
w 640 368 624 368 0
w 624 400 640 400 0
w 544 -112 544 -32 0
w 544 -32 688 -32 0
r 352 -80 352 -144 0 10
r 400 -160 400 -32 0 10
r 304 -128 304 -192 0 10
r 688 -176 736 -176 0 10
s 352 -144 352 -192 0 0 false
s 304 -192 304 -240 0 0 false
s 896 -208 896 -240 0 0 false
s 816 -208 816 -240 0 0 false
s 736 -208 736 -240 0 0 false
v 1264 -240 1392 -240 0 0 40 13 0 0 0.5
. bb_statorPhases2 0 3 3 6 phase\sA 8 0 2 phase\sB 9 1 2 phase\sC 10 2 2 R_A 1 0 3 R_B 3 1 3 R_C 6 2 3 InductorElm\s1\s2\rInductorElm\s3\s4\rResistorElm\s2\s5\rResistorElm\s4\s5\rInductorElm\s6\s7\rResistorElm\s7\s5\rResistorElm\s8\s1\rResistorElm\s9\s3\rResistorElm\s10\s6 0\\s0.0024198205\\s0\\s0\s0\\s0.00254031032\\s0\\s0\s0\\s11.794485\s0\\s11.849355\s0\\s0.0021691571999999998\\s0\\s0\s0\\s11.799475\s0\\s0.02\s0\\s0.02\s0\\s0.02
410 1232 192 1312 192 1 bb_statorPhases2 0\s0.0024198205\s0.9757002386293498\s0 0\s0.00254031032\s-0.35324212069597394\s0 0\s11.794485 0\s11.849355 0\s0.0021691571999999998\s-0.6224581179333756\s0 0\s11.799475 0\s0.02 0\s0.02 0\s0.02
207 1296 32 1328 32 4 ESP32\sADC1
409 1296 368 1296 448 1 0.6 24.08617967565584 0.0231 0
409 1296 160 1296 80 1 0.6 24.08624674966814 0.0231 0
207 1296 496 1296 528 4 ESP32\sADC2
207 1056 448 1088 448 5 Power\sCap3
207 880 448 912 448 5 Power\sCap2
207 816 80 864 48 5 Power\sCap2
207 992 80 1040 48 5 Power\sCap3
207 704 448 736 448 5 Power\sCap1
c 976 0 976 32 4 0.00019999999999999998 -24.970704391830854 0.001 0.1
207 976 -80 896 -48 5 Power_Gnd
207 544 -32 608 -64 5 Power_Gnd
r 1296 32 1296 80 0 100
r 1296 496 1296 448 0 100
d 672 320 672 368 2 default
r 640 320 640 368 0 60
w 672 320 640 320 0
w 624 320 640 320 0
w 640 368 672 368 0
207 800 432 800 496 5 Power_Gnd
w 816 -208 816 -144 0
c 672 368 672 400 4 1.0000000000000001e-7 25.329044909517744 0.001 0.1
w 640 400 672 400 0
w 896 -208 896 -112 0
w 816 400 848 400 0
c 848 368 848 400 4 1.0000000000000001e-7 24.951340801332144 0.001 0.1
w 816 368 848 368 0
w 800 320 816 320 0
w 848 320 816 320 0
d 848 320 848 368 2 default
w 800 400 816 400 0
w 816 368 800 368 0
w 800 320 800 368 0
w 976 320 976 368 0
w 992 368 976 368 0
w 976 400 992 400 0
d 1040 320 1040 368 2 default
w 1040 320 992 320 0
w 976 320 992 320 0
w 992 368 1040 368 0
c 1040 368 1040 400 4 1.0000000000000001e-7 0.21271668988195958 0.001 0.1
w 992 400 1040 400 0
w 624 400 624 432 0
w 624 432 800 432 0
w 800 400 800 432 0
w 800 432 976 432 0
w 976 432 976 400 0
c 640 400 704 448 4 0.00001 -25.041593898603484 0.001 0.1
c 816 400 880 448 4 0.00001 -25.041593898603484 0.001 0.1
c 992 400 1056 448 4 0.00001 -25.041593898603484 0.001 0.1
c 672 80 672 112 4 1.0000000000000001e-7 -0.010125605724393694 0.001 0
w 640 80 672 80 0
d 672 112 672 160 2 default
w 640 80 624 80 0
f 576 96 624 96 32 1.65 125.68
w 640 112 672 112 0
w 640 112 624 112 0
w 624 112 624 160 0
r 640 112 640 160 0 60
w 640 160 672 160 0
w 624 160 640 160 0
207 304 -240 304 -272 5 Gate\sA\sHigh
207 736 -240 672 -240 5 Gate\sA\sLow
207 896 -240 848 -192 5 Gate\sC\sLow
207 400 -208 400 -272 5 Gate\sC\sHigh
207 816 -240 768 -192 5 Gate\sB\sLow
207 352 -192 352 -256 5 Gate\sB\sHigh
207 576 384 576 336 5 Gate\sA\sLow
207 752 384 752 416 5 Gate\sB\sLow
207 928 384 928 416 5 Gate\sC\sLow
s 400 -160 400 -208 0 0 false
w 800 160 816 160 0
w 816 160 848 160 0
w 800 112 800 160 0
w 816 112 800 112 0
w 816 112 848 112 0
w 816 80 800 80 0
d 848 112 848 160 2 default
w 816 80 848 80 0
c 848 80 848 112 4 1.0000000000000001e-7 0.0015357530977375689 0.001 0
w 976 160 992 160 0
w 992 160 1040 160 0
w 976 112 976 160 0
w 992 112 976 112 0
w 992 112 1040 112 0
w 992 80 976 80 0
d 1040 112 1040 160 2 default
w 992 80 1040 80 0
c 1040 80 1040 112 4 1.0000000000000001e-7 25.028111322238846 0.001 0
207 928 96 928 48 5 Gate\sC\sHigh
207 752 96 752 48 5 Gate\sB\sHigh
207 576 96 576 144 5 Gate\sA\sHigh
w 1232 192 624 192 0
w 800 224 1232 224 0
w 976 256 1232 256 0
w 976 160 976 256 0
w 976 256 976 320 0
w 800 160 800 224 0
w 800 224 800 320 0
w 624 160 624 192 0
w 624 192 624 320 0
207 640 80 688 48 5 Power\sCap1
w 800 80 800 32 0
w 624 80 624 32 0
w 624 32 800 32 0
w 800 32 976 32 0
w 976 32 976 80 0
w 1120 -128 1120 0 0
w 1248 -48 1248 0 0
w 1072 32 1120 32 0
w 976 32 1072 32 0
g 1408 400 1408 432 0 0
w 1248 -48 1248 -80 0
w 1248 -80 1072 -80 0
w 976 -80 976 0 0
r 1072 -16 1072 32 0 10
w 1072 -80 976 -80 0
w 672 80 736 80 0
w 672 160 736 160 0
34 zener\s25V\sclamp 0 1.7143528192810002e-7 1 2 25 0
z 912 160 912 80 2 zener\s25V\sclamp
w 848 80 912 80 0
w 848 160 912 160 0
z 736 160 736 80 2 zener\s25V\sclamp
z 1072 -80 1072 -16 2 zener\s25V\sclamp
z 1104 160 1104 80 2 zener\s25V\sclamp
w 1040 160 1104 160 0
w 1040 80 1104 80 0
z 1104 400 1104 320 2 zener\s25V\sclamp
w 1040 320 1104 320 0
w 1040 400 1104 400 0
z 912 400 912 320 2 zener\s25V\sclamp
w 848 400 912 400 0
w 848 320 912 320 0
z 736 400 736 320 2 zener\s25V\sclamp
w 672 400 736 400 0
w 672 320 736 320 0
r 816 112 816 160 0 60
r 992 112 992 160 0 60
r 816 320 816 368 0 60
r 992 320 992 368 0 60
f 752 96 800 96 32 1.65 125.68
f 928 96 976 96 32 1.65 125.68
f 576 384 624 384 32 1.65 125.68
f 752 384 800 384 32 1.65 125.68
f 928 384 976 384 32 1.65 125.68
. bb_555TimerBoostConv60%Duty6 0 3 2 3 V_gnd 5 0 3 V_in 10 0 2 V_out 4 1 2 InductorElm\s1\s2\rDiodeElm\s3\s4\rCapacitorElm\s4\s5\rResistorElm\s7\s8\rResistorElm\s9\s5\rAmmeterElm\s10\s1\rResistorElm\s2\s3\rCapacitorElm\s3\s9\rTimerElm\s11\s12\s12\s10\s13\s7\s14\s5\rResistorElm\s10\s11\rResistorElm\s11\s12\rCapacitorElm\s12\s5\rResistorElm\s14\s10\rResistorElm\s7\s5\rZenerElm\s5\s4\rResistorElm\s13\s5\rMosfetElm\s8\s5\s3 0\\s0.02\\s-1.808920393588286e-7\\s0\s2\\sdefault\s4\\s0.00017999999999999998\\s23.81996074183426\\s0.001\\s0.1\s0\\s10\s0\\s12.5\s3\\s1\\s1\s0\\s1\s4\\s0.000049999999999999996\\s0.0003206900539821254\\s0.001\\s0\s6\\s-0.0004883045350600828\s0\\s2000\s0\\s5760\s4\\s1e-8\\s0.0000015939912489476528\\s0.001\\s0\s0\\s100\s0\\s100000\s2\\szener\\\\s24v\\\\sClamp\s0\\s1000000\s32\\s1.65\\s125.68
410 1120 0 1216 0 1 bb_555TimerBoostConv60%Duty6 0\s0.02\s3.0992155197767275\s0 2\sdefault 4\s0.00017999999999999998\s24.97488139926054\s0.001\s0.1 0\s10 0\s12.5 3\s1\s1 0\s1 4\s0.000049999999999999996\s11.498485288186684\s0.001\s0 6\s0 0\s2000 0\s5760 4\s1e-8\s4.805389308581388\s0.001\s0 0\s100 0\s100000 2\sdefault 0\s1000000 32\s1.65\s125.68
w 1232 256 1232 368 0
w 1232 368 1280 368 0
w 1360 256 1360 368 0
w 1312 368 1360 368 0
w 1360 160 1360 192 0
w 1232 160 1232 192 0
w 1232 160 1280 160 0
w 1312 160 1360 160 0
w 1328 128 1408 128 0
w 1408 128 1408 400 0
w 1328 400 1408 400 0
w 1248 0 1408 0 0
w 1408 0 1408 128 0
w 1120 32 1168 128 0
w 1168 128 1264 128 0
w 1168 128 1168 400 0
w 1168 400 1264 400 0
v 304 -128 224 -128 4 5 16000 30 0 0 0.15
v 352 -80 224 -80 4 5 16000 30 0 2.0943951023931953 0.77
v 336 -32 224 -32 4 5 16000 30 0 4.1887902047863905 0.93
R 224 -128 224 -208 0 0 40 30 0 0 0.5
w 224 -128 224 -80 0
w 224 -80 224 -32 0
w 304 -128 304 -16 0
w 352 -80 352 -16 0
w 400 -32 400 -16 0
w 336 -32 400 -32 0
r 304 -16 304 32 0 100000
w 304 32 352 32 0
w 352 32 400 32 0
r 352 -16 352 32 0 100000
r 400 -16 400 32 0 100000
x 118 -247 237 -244 6 12 COTS\sBuck\sConverter
b 275 -173 112 -271 0
b 112 -160 305 11 0
x 111 -13 269 -10 4 12 ESP32\sHighSide\sPWM\sInputs
x 452 -241 607 -238 4 12 ESP32\sLowSide\sPWM\sInputs
x 113 2 268 5 4 12 and\smosfet\sgate\sdriver\sModel
x 451 -227 606 -224 4 12 and\smosfet\sgate\sdriver\sModel
b 448 -256 679 -48 0
w 544 -32 544 32 0
207 256 144 208 144 5 _SDA
207 256 176 208 176 5 _SCL
207 208 256 160 256 5 _GND
207 208 224 160 224 4 _Vin
207 464 256 496 256 5 GND
207 320 176 320 208 5 SCL
207 320 144 320 96 5 SDA
207 400 224 448 224 4 3.3V
w 256 144 320 144 0
w 256 176 320 176 0
w 208 224 400 224 0
w 208 256 464 256 0
b 291 53 535 276 0
x 318 86 443 89 4 24 ESP32\spins
b 109 53 281 270 0
x 110 84 266 87 4 24 AS5600\sinputs
v 1120 -240 1232 -240 0 0 40 13 0 0 0.5
r 1248 -160 1248 -80 0 0.02
b 1214 -168 1403 -87 0
w 1120 -240 1120 -128 0
x 1278 -131 1392 -128 4 12 PTC\sResettable\sFuse
S 1248 -160 1248 -240 0 1 false 0 2
w 1424 -112 1424 -160 0
w 1120 -256 1392 -256 0
b 541 36 1195 522 0
x 571 519 942 522 4 12 Half\sbridges\smade\sof\sMosfets\swith\sSnubber\sand\sTVS\sDiode\sProtection
162 624 160 592 208 2 default-led 0 0 1 0.02
207 592 272 592 304 5 Power_Gnd
r 592 208 592 272 0 2000
r 768 208 768 272 0 2000
207 768 272 768 304 5 Power_Gnd
162 800 160 768 208 2 default-led 0 0 1 0.02
r 944 208 944 272 0 2000
207 944 272 944 304 5 Power_Gnd
162 976 160 944 208 2 default-led 0 0 1 0.02
d 560 208 592 160 2 1N4004
w 592 160 624 160 0
w 560 208 592 208 0
w 736 208 768 208 0
d 736 208 768 160 2 1N4004
w 768 160 800 160 0
w 944 160 976 160 0
d 912 208 944 160 2 1N4004
w 912 208 944 208 0
w 1232 224 1200 288 0
w 1200 288 1440 288 0
409 1440 272 1520 272 1 0.6 24.086197750543835 0.0231 0
w 1360 224 1376 224 0
w 1376 224 1440 256 0
w 1408 128 1472 128 0
w 1472 128 1472 240 0
w 1264 400 1264 304 0
w 1264 304 1472 304 0
r 1520 320 1520 272 0 100
207 1520 320 1520 352 4 ESP32\sADC3
w 464 32 464 256 0
w 400 32 464 32 0
w 464 32 544 32 0
r 320 144 400 144 0 5000
r 320 176 400 176 0 5000
w 400 176 400 224 0
w 400 144 400 176 0
x 119 -234 249 -231 4 12 simplified\srepresentation
w 1120 -256 1120 -240 0
w 1392 -256 1392 -240 0
38 239 F1 0 0.02 1000000 -1 PTC\sFuse\sResistance
